11011000 11010101 11010110
11010111 11010100 11010101
11010101 11010101 11010101
11010100 11010100 11010100
11010001 11010110 11010010
11010001 11010110 11010010
11001111 11010111 11010010
11001111 11010111 11010010
11001111 11010111 11010010
11010000 11011000 11010011
11010000 11011000 11010001
11010000 11011000 11010001
11010000 11011000 11010001
11010000 11011000 11010001
11010001 11011001 11010010
11001111 11010111 11010000
11001110 11010101 11010011
11010000 11010111 11010101
11010001 11011001 11010110
11010000 11010111 11010101
11010000 11010111 11010101
11010000 11010111 11010101
11010010 11010111 11010101
11010010 11010111 11010101
11010011 11010110 11010101
11010011 11010110 11010101
11010011 11010110 11010101
11010010 11010101 11010100
11010011 11010110 11010101
11010011 11010110 11010101
11010011 11010110 11010101
11010011 11010110 11010101
11010011 11010110 11010101
11010011 11010110 11010101
11010101 11010101 11010101
11010101 11010101 11010101
11010110 11010110 11011000
11010110 11010110 11011000
11011000 11011000 11011010
11010110 11010110 11011000
11010000 11010011 11001111
11010101 11010111 11010100
11010101 11010111 11010100
11010011 11010110 11010011
11010010 11010111 11010011
11010010 11010111 11010011
11010010 11010111 11010011
11010011 11011000 11010100
11010010 11010111 11010011
11010011 11011000 11010100
11011000 11010110 11010100
11010111 11010101 11010011
11010101 11010101 11010011
11010110 11010111 11010100
11010010 11010111 11010011
11010010 11010111 11010011
11010010 11010111 11010011
11010001 11010110 11010010
11010001 11010110 11010010
11010010 11010111 11010011
11010010 11010111 11010001
11010010 11010111 11010001
11010010 11010111 11010001
11010010 11010111 11010001
11010010 11010111 11010001
11010010 11010111 11010001
11010010 11010111 11010011
11010010 11010111 11010011
11010010 11010111 11010101
11010011 11011000 11010110
11010010 11010111 11010101
11010010 11010111 11010101
11010010 11010111 11010101
11010011 11011000 11010110
11010101 11010111 11010110
11010101 11010111 11010110
11010011 11010110 11010101
11010011 11010110 11010101
11010011 11010110 11010101
11010101 11010111 11010110
11010101 11010111 11010110
11010101 11010111 11010110
11010101 11010111 11010110
11010101 11010111 11010110
11010110 11010110 11010110
11010110 11010110 11010110
11010110 11010110 11010110
11010110 11010110 11010110
11011000 11011000 11011000
11011000 11011000 11011000
11010111 11011000 11010101
11011000 11011001 11010110
11010101 11011000 11010010
11010011 11010111 11010001
11010011 11010110 11010011
11010011 11010110 11010011
11010011 11011000 11010100
11010100 11011001 11010101
11010100 11011001 11010101
11010100 11011001 11010101
11010110 11010111 11010100
11010110 11010111 11010100
11010110 11010111 11010100
11010110 11010111 11010100
11010101 11011000 11010010
11010101 11011000 11010010
11010011 11011001 11010010
11010011 11011001 11010010
11010010 11010111 11010001
11010011 11011001 11010010
11010011 11011001 11010010
11010011 11011001 11010010
11010010 11010111 11010001
11010010 11010111 11010001
11010010 11010111 11010001
11010011 11011001 11010010
11010011 11011000 11010100
11010011 11011000 11010100
11010011 11011000 11010100
11010100 11011001 11010101
11010001 11010110 11010010
11010010 11010111 11010011
11010101 11010111 11010100
11010111 11011010 11010110
11011000 11011011 11011000
11010110 11011001 11010101
11010101 11010111 11010100
11010101 11010111 11010100
11010101 11010111 11010110
11010110 11011000 11010111
11010111 11011001 11011000
11010111 11011001 11011000
11011000 11011000 11011000
11010110 11010110 11010110
11011000 11011000 11011000
11011000 11011000 11011000
11011000 11011000 11011000
11010111 11010111 11010111
11011000 11011001 11010110
11011010 11011010 11011000
11011011 11011100 11010111
11011010 11011010 11010110
11011000 11011001 11010100
11010110 11010111 11010010
11010101 11010111 11010100
11010101 11010111 11010100
11010111 11011010 11010110
11010111 11011010 11010110
11010110 11011100 11011000
11010110 11011100 11011000
11010110 11010111 11010100
11011010 11011010 11011000
11011000 11011001 11010100
11011010 11011010 11010110
11011000 11011011 11010110
11011000 11011011 11010110
11010110 11011100 11010110
11010101 11011011 11010100
11010011 11011001 11010010
11010101 11011011 11010100
11010100 11011010 11010011
11010011 11011001 11010010
11010110 11011001 11010011
11010110 11011001 11010011
11010101 11010111 11010100
11010011 11010110 11010011
11010101 11010111 11010100
11010101 11010111 11010100
11010111 11011010 11010110
11010111 11011010 11010110
11010110 11011001 11010101
11010101 11010111 11010100
11011000 11011001 11010110
11011000 11011001 11010110
11011010 11011010 11011000
11011010 11011010 11011000
11011000 11011001 11010110
11010111 11011000 11010101
11010111 11010111 11010111
11011000 11011000 11011000
11011010 11011010 11011010
11011011 11011011 11011011
11011010 11011010 11011010
11011000 11011000 11011000
11011000 11011000 11011000
11011000 11011000 11011000
11011010 11011010 11011010
11011010 11011010 11011010
11011011 11011011 11011001
11011011 11011011 11011001
11011100 11011101 11010110
11011011 11011100 11010101
11011010 11011011 11010100
11011010 11011011 11010100
11011000 11011011 11010110
11011000 11011011 11010110
11011000 11011011 11011000
11011000 11011011 11011000
11010110 11011100 11011000
11010110 11011100 11011000
11011000 11011001 11010110
11011010 11011010 11011000
11011000 11011011 11010110
11011000 11011011 11010110
11010110 11011100 11010110
11010110 11011100 11010110
11010110 11011100 11010110
11010110 11011100 11010110
11010101 11011011 11010100
11010101 11011011 11010100
11010101 11011011 11010100
11010101 11011011 11010100
11011000 11011011 11010110
11011000 11011011 11010110
11011010 11011010 11011000
11010111 11011000 11010101
11010110 11010111 11010100
11010111 11011000 11010101
11011000 11011001 11010110
11011010 11011010 11011000
11011000 11011001 11010100
11011000 11011001 11010100
11011010 11011010 11010110
11011010 11011010 11010110
11011011 11011100 11010111
11011011 11011100 11010111
11011010 11011010 11010110
11011010 11011010 11010110
11011000 11011011 11011000
11011000 11011011 11011000
11011000 11011011 11011000
11011001 11011100 11011001
11011010 11011010 11011000
11011010 11011010 11011000
11011010 11011010 11011000
11011010 11011010 11011000
11011010 11011010 11010110
11011010 11011010 11010110
11011010 11011010 11010110
11011100 11011101 11011000
11011101 11011110 11010111
11011100 11011101 11010110
11011011 11011100 11010101
11011011 11011100 11010101
11011001 11011101 11010101
11011001 11011101 11010101
11011001 11011100 11010111
11011001 11011100 11010111
11011000 11011101 11010111
11010110 11011100 11010110
11011000 11011001 11010110
11011010 11011010 11011000
11011000 11011011 11010110
11011000 11011011 11010110
11011000 11011011 11010110
11011000 11011011 11010110
11010110 11011100 11010110
11010110 11011100 11010110
11010110 11011100 11010110
11010110 11011100 11010110
11010110 11011100 11010110
11011000 11011101 11010111
11011000 11011011 11010110
11011000 11011011 11010110
11011010 11011010 11010110
11011011 11011100 11010111
11011001 11011100 11011001
11011001 11011100 11011001
11011001 11011100 11010111
11011001 11011100 11010111
11011000 11011011 11010110
11011000 11011011 11010110
11011011 11011100 11010111
11011011 11011100 11010111
11011100 11011101 11011000
11011100 11011101 11011000
11011001 11011100 11010111
11011001 11011100 11010111
11011001 11011100 11011001
11011001 11011100 11011001
11011001 11011100 11011001
11011001 11011100 11011001
11011001 11011100 11011001
11011000 11011011 11011000
11011000 11011011 11011000
11011000 11011011 11011000
11011000 11011011 11010110
11011000 11011011 11010110
11011001 11011100 11010111
11011001 11011100 11010111
11011010 11011110 11010110
11011010 11011110 11010110
11011010 11011110 11010110
11011010 11011110 11010110
11011010 11011110 11010110
11011010 11011110 11010110
11011010 11011110 11011000
11011010 11011110 11011000
11011000 11011101 11010111
11011000 11011101 11010111
11011001 11011100 11010111
11011001 11011100 11010111
11011001 11011100 11010111
11011000 11011011 11010110
11011000 11011011 11010110
11011000 11011011 11010110
11010110 11011100 11010110
11011000 11011101 11010111
11011000 11011101 11010111
11011000 11011101 11010111
11011000 11011101 11010111
11011000 11011101 11010111
11011001 11011100 11010111
11011000 11011011 11010110
11011001 11011100 11010111
11011001 11011100 11010111
11011000 11011101 11010111
11011000 11011101 11010111
11011000 11011101 11010111
11011000 11011101 11010111
11011000 11011101 11010111
11011000 11011101 11010111
11011001 11011101 11010101
11011001 11011101 11010101
11011001 11011101 11010101
11011010 11011110 11010110
11011010 11011110 11011000
11011010 11011110 11011000
11011001 11011100 11011001
11011010 11011101 11011010
11011010 11011101 11011010
11011010 11011101 11011010
11011010 11011101 11011010
11011000 11011011 11011000
11011000 11011011 11011000
11011001 11011100 11011001
11011001 11011100 11010111
11011001 11011100 11010111
11011001 11011101 11010101
11011001 11011101 11010101
11011010 11011110 11010110
11011010 11011110 11010110
11011010 11011110 11010110
11011010 11011110 11010110
11011010 11011110 11010110
11011010 11011110 11010110
11011010 11100000 11010111
11011010 11100000 11010111
11011010 11100000 11011001
11011000 11011101 11010111
11011010 11011110 11011000
11011010 11011110 11011000
11011010 11011110 11011000
11011001 11011100 11010111
11011000 11011011 11010110
11011000 11011011 11010110
11011000 11011101 11010111
11011000 11011101 11010111
11011000 11011101 11010111
11011000 11011101 11010111
11011000 11011101 11010111
11011000 11011101 11010111
11011001 11011100 11010111
11011001 11011100 11010111
11011001 11011100 11010111
11011001 11011100 11010111
11011000 11011101 11010111
11011000 11011101 11010111
11010110 11011110 11010111
11010110 11011110 11010111
11010110 11011110 11010111
11010111 11011111 11011000
11011001 11011111 11010110
11011001 11011111 11010110
11011001 11011111 11010110
11011001 11011111 11010110
11011001 11011110 11011000
11011001 11011110 11011000
11011000 11011101 11010111
11011001 11011110 11011000
11011001 11011110 11011000
11011001 11011110 11011000
11011001 11011100 11010111
11011001 11011100 11010111
11011001 11011100 11010111
11011100 11011111 11011001
11011100 11011111 11010111
11011100 11011111 11010111
11011100 11011111 11010111
11011010 11011110 11010110
11011010 11011110 11010110
11011100 11011111 11010111
11011100 11011111 11010111
11011100 11011111 11010111
11011100 11011111 11010111
11011100 11011111 11010111
11011010 11100000 11010111
11011010 11100000 11010111
11011001 11011110 11011000
11011001 11011110 11011000
11011001 11011110 11011000
11011010 11100000 11011001
11011001 11011110 11011000
11011000 11011101 11010111
11010110 11011100 11010110
11011000 11011101 11010111
11011000 11011101 11010111
11011000 11011101 11010111
11011001 11011110 11011000
11011001 11011110 11011000
11011000 11011101 11010111
11011000 11011101 11010111
11011001 11011100 11010111
11011010 11011110 11011000
11011010 11011110 11011000
11011010 11011110 11011000
11010110 11011110 11010111
11010110 11011110 11010111
11010110 11011110 11010111
11010110 11011110 11010111
11010111 11011111 11011000
11010111 11011111 11011000
11010111 11100000 11010110
11010111 11100000 11010110
11011010 11100000 11010111
11011001 11011111 11010110
11010110 11011100 11010100
11011000 11011110 11010101
11011001 11011110 11011000
11011010 11100000 11011001
11011010 11100000 11011001
11011001 11011110 11011000
11011001 11011100 11010111
11011010 11011110 11011000
11011010 11011110 11010110
11011100 11011111 11010111
11011100 11100000 11010101
11011100 11100000 11010101
11011100 11100000 11010101
11011100 11100000 11010101
11011100 11100000 11010101
11011100 11100000 11010101
11011100 11100000 11010101
11011100 11100000 11010101
11011100 11011111 11010111
11011100 11011111 11010111
11011010 11100000 11010111
11011010 11100000 11010111
11011010 11100000 11011001
11011010 11100000 11011001
11010111 11011111 11011000
11011000 11100000 11011001
11010111 11011111 11011000
11010111 11011111 11011000
11010111 11011111 11011000
11010110 11011110 11010111
11010110 11011110 11010111
11010110 11011110 11010111
11010111 11011111 11011000
11010111 11011111 11011000
11011001 11011110 11011000
11011001 11011110 11011000
11011001 11011110 11011000
11011001 11011110 11011000
11011001 11011110 11011000
11011001 11011110 11011000
11011001 11011110 11011000
11011001 11011110 11011000
11010111 11011111 11011000
11010111 11011111 11011000
11010111 11011111 11011000
11010111 11011111 11011000
11011001 11011111 11010110
11011001 11011111 11010110
11011001 11011111 11010110
11011001 11011111 11010110
11011000 11011101 11010111
11011001 11011110 11011000
11011001 11011110 11011000
11011010 11100000 11011001
11011010 11100000 11011001
11011010 11100000 11011001
11011010 11100000 11011001
11011010 11100000 11011001
11011100 11011111 11010111
11011100 11011111 11010111
11011100 11011111 11010111
11011100 11011111 11010111
11011100 11011111 11010111
11011100 11011111 11010111
11011010 11011110 11010110
11011010 11011110 11010110
11011010 11011110 11010110
11011010 11011110 11010110
11011100 11011111 11010111
11011100 11011111 11010111
11011010 11100000 11010111
11011010 11100000 11010111
11011001 11011110 11011000
11011010 11100000 11011001
11010111 11011111 11011000
11010111 11011111 11011000
11010111 11011111 11011000
11010111 11011111 11011000
11010111 11011111 11011000
11010111 11011111 11011000
11010110 11011110 11010111
11010110 11011110 11010111
11010110 11011110 11010111
11010111 11011111 11011000
11011000 11100000 11011001
11011000 11100000 11011001
11011000 11100000 11011001
11010111 11011111 11011000
11010111 11011111 11011000
11010111 11011111 11011000
11010111 11011111 11011000
11010111 11011111 11011000
11010111 11011111 11011000
11010111 11011111 11011000
11010111 11011111 11011000
11010110 11011110 11010111
11010110 11011110 11010111
11010111 11011111 11011000
11011001 11011111 11010110
11011001 11011111 11010110
11011001 11011111 11010110
11011001 11011111 11010110
11011000 11100000 11011001
11011000 11100000 11011001
11011000 11100000 11011001
11011000 11100000 11011001
11011010 11100000 11011001
11011010 11100000 11011001
11011010 11100000 11011001
11011010 11100000 11011001
11011010 11100000 11010111
11011010 11100000 11010111
11011010 11100000 11010111
11011001 11011111 11010110
11011001 11011111 11010110
11011010 11100000 11010111
11011010 11100000 11010111
11011010 11100000 11010111
11011010 11100000 11010111
11011011 11100001 11011000
11011000 11100000 11011001
11010111 11011111 11011000
11010111 11011111 11011010
11011000 11100000 11011011
11010111 11011111 11011000
11010111 11011111 11011000
11010111 11011111 11011000
11010111 11011111 11011000
11010111 11011111 11011000
11010111 11011111 11011000
11010110 11011110 11011001
11010110 11011110 11011001
11010110 11011110 11011001
11010111 11011111 11011010
11011000 11100000 11011011
11011000 11100000 11011011
11011000 11100000 11011001
11011000 11100000 11011001
11011000 11100000 11011001
11010111 11011111 11011000
11010111 11011111 11011000
11010111 11011111 11011000
11010111 11011111 11011000
11010111 11011111 11011000
11010111 11011111 11011000
11010110 11011110 11010111
11010110 11011110 11010111
11010110 11011110 11010111
11011001 11011111 11010110
11011010 11100000 11010111
11011000 11100001 11010111
11011000 11100001 11010111
11010111 11100010 11010111
11010111 11100010 11010111
11010110 11100000 11010110
11010110 11100000 11010110
11010110 11100000 11011000
11010111 11100001 11011001
11011000 11100000 11011001
11011010 11100010 11011010
11011011 11100001 11011010
11011011 11100001 11011010
11011011 11100001 11011010
11011010 11100000 11011001
11011010 11100000 11010111
11011011 11100001 11011000
11011011 11100001 11011000
11011011 11100001 11011000
11011011 11100001 11011000
11011100 11100010 11011001
11011010 11100010 11011010
11011000 11100000 11011001
11011000 11100000 11011001
11011000 11100000 11011001
11010111 11100001 11011001
11010110 11100000 11011000
11010110 11100000 11011000
11010111 11100001 11011001
11010111 11100001 11011001
11010110 11100000 11011000
11010110 11100000 11011010
11010100 11011110 11011001
11010110 11100000 11011010
11010110 11100000 11011010
11010100 11011110 11011001
11010111 11100001 11011011
11010111 11100001 11011001
11010111 11100001 11011001
11011000 11100000 11011001
11010111 11011111 11011000
11010111 11011111 11011000
11010111 11011111 11011000
11010111 11011111 11011000
11011000 11100000 11011001
11011000 11100000 11011001
11010111 11011111 11011000
11010111 11011111 11011000
11010110 11011110 11010111
11010111 11100000 11010110
11011000 11100001 11010111
11011000 11100011 11011000
11010111 11100010 11010111
11010111 11100010 11010111
11010110 11100000 11010110
11010100 11100001 11010110
11010100 11100001 11010110
11010110 11100000 11011000
11010111 11100001 11011001
11010110 11100000 11011000
11010111 11100001 11011001
11011010 11100010 11011010
11011010 11100010 11011010
11011011 11100011 11011011
11011011 11100011 11011011
11011010 11100010 11011000
11011010 11100010 11011000
11011010 11100010 11011000
11011010 11100010 11011000
11011000 11100011 11011000
11011001 11100100 11011001
11011000 11100011 11011000
11010111 11100010 11010111
11010111 11100001 11011001
11011000 11100010 11011010
11010110 11100000 11011010
11010110 11100000 11011010
11010110 11100000 11011010
11010111 11100001 11011011
11010111 11100001 11011011
11010111 11100001 11011011
11010111 11100001 11011011
11010111 11100001 11011011
11010110 11100000 11011010
11010110 11100000 11011010
11010110 11100000 11011010
11010110 11100000 11011010
11010111 11100001 11011001
11010111 11100001 11011001
11010111 11100001 11011001
11010111 11100001 11011001
11011000 11100000 11011001
11011010 11100010 11011010
11011010 11100010 11011010
11011000 11100000 11011001
11011000 11100000 11011001
11011000 11100000 11011001
11011000 11100001 11010111
11011000 11100001 11010111
11011000 11100001 11010111
11011000 11100001 11010111
11011010 11100010 11011000
11011010 11100010 11011000
11011000 11100011 11011000
11010111 11100010 11010111
11010110 11100000 11011000
11010110 11100000 11011000
11010110 11100000 11011000
11010111 11100001 11011001
11010111 11100001 11011001
11010111 11100001 11011001
11011000 11100000 11011001
11011010 11100010 11011010
11011010 11100010 11011010
11011011 11100011 11011011
11011010 11100010 11011010
11011010 11100010 11011010
11011000 11100011 11011000
11011000 11100011 11011000
11011000 11100011 11011000
11011000 11100011 11011000
11011000 11100011 11011000
11010111 11100010 11010111
11010111 11100001 11011001
11011000 11100010 11011010
11010110 11100000 11011010
11010110 11100000 11011010
11010110 11100000 11011010
11010111 11100001 11011011
11011000 11100000 11011011
11011000 11100000 11011011
11011000 11100000 11011011
11011000 11100000 11011011
11010111 11100001 11011011
11010111 11100001 11011011
11010110 11100000 11011010
11010110 11100000 11011010
11010110 11100000 11011000
11010111 11100001 11011001
11010111 11100001 11011001
11010111 11100001 11011001
11011010 11100010 11011000
11011010 11100010 11011000
11011010 11100010 11011000
11011010 11100010 11011000
11011000 11100001 11010111
11011010 11100010 11011000
11011010 11100010 11011000
11011010 11100010 11011000
11011010 11100010 11010110
11011000 11100001 11010101
11011010 11100010 11010110
11011010 11100010 11010110
11011000 11100011 11011000
11011000 11100011 11011000
11010111 11100010 11010111
11010111 11100010 11010111
11010111 11100010 11010111
11010111 11100010 11010111
11011000 11100011 11011000
11011000 11100011 11011000
11011000 11100010 11011010
11011000 11100010 11011010
11011000 11100010 11011010
11011000 11100010 11011010
11011000 11100010 11011010
11011000 11100010 11011010
11011000 11100010 11011010
11011000 11100010 11011010
11011000 11100011 11011000
11011000 11100011 11011000
11011000 11100011 11011000
11011000 11100011 11011000
11011000 11100010 11011010
11011000 11100010 11011010
11010110 11100000 11011010
11010110 11100000 11011010
11010111 11011111 11011010
11011000 11100000 11011011
11011000 11100000 11011011
11011000 11100000 11011011
11011000 11100000 11011011
11011000 11100000 11011011
11011000 11100000 11011011
11011000 11100000 11011011
11011000 11100000 11011011
11011000 11100000 11011011
11011000 11100000 11011001
11011010 11100010 11011010
11011000 11100000 11011001
11011010 11100010 11011010
11011011 11100001 11011000
11011011 11100001 11011000
11011010 11100000 11010111
11011011 11100001 11011000
11011011 11100001 11011000
11011011 11100001 11011000
11011011 11100001 11011000
11011011 11100001 11011000
11011011 11100010 11010110
11011011 11100010 11010110
11011010 11100000 11010101
11011010 11100000 11010101
11011011 11100010 11010110
11011011 11100010 11010110
11011010 11100010 11011000
11011010 11100010 11011000
11011010 11100010 11011000
11011010 11100010 11011000
11011010 11100010 11011000
11011010 11100010 11011000
11011010 11100010 11011010
11011010 11100010 11011010
11011010 11100010 11011010
11011000 11100000 11011001
11011000 11100000 11011001
11011010 11100010 11011010
11011010 11100010 11011010
11011010 11100010 11011010
11011010 11100010 11011010
11011010 11100010 11011010
11011010 11100010 11011010
11011010 11100010 11011010
11011010 11100010 11011010
11011010 11100010 11011010
11010110 11100000 11011010
11010110 11100000 11011010
11010111 11011111 11011010
11011000 11100000 11011011
11011010 11100001 11011100
11011010 11100001 11011100
11011010 11100001 11011100
11011010 11100001 11011100
11011000 11100000 11011011
11011010 11100001 11011100
11011000 11100000 11011011
11011000 11100000 11011011
11011010 11100010 11011010
11011010 11100010 11011010
11011010 11100010 11011010
11011010 11100010 11011010
11011010 11100010 11011000
11011000 11100001 11010111
11011000 11100001 11010111
11011000 11100001 11010111
11011010 11100010 11011000
11011000 11100001 11010111
11011000 11100001 11010111
11011011 11100011 11011001
11011011 11100011 11010111
11011010 11100010 11010110
11011011 11100010 11010110
11011011 11100010 11010110
11011011 11100001 11011000
11011011 11100001 11011000
11011010 11100010 11011000
11011010 11100010 11011000
11011010 11100010 11011000
11011010 11100010 11011000
11011000 11100011 11011000
11011001 11100100 11011001
11011001 11100100 11011001
11011000 11100011 11011000
11011000 11100010 11011010
11011000 11100010 11011010
11011000 11100010 11011010
11011001 11100011 11011011
11011000 11100010 11011010
11011000 11100010 11011010
11011000 11100010 11011010
11011000 11100010 11011010
11011000 11100010 11011010
11011000 11100010 11011010
11011010 11100010 11011010
11011011 11100011 11011011
11011000 11100000 11011011
11011000 11100000 11011011
11011000 11100000 11011011
11011010 11100001 11011100
11011010 11100001 11011100
11011011 11100010 11011101
11011011 11100010 11011101
11011010 11100001 11011100
11011010 11100001 11011100
11011010 11100001 11011100
11011011 11100000 11011100
11011011 11100000 11011100
11011011 11100000 11011100
11011100 11100001 11011101
11011011 11100001 11011010
11011011 11100001 11011010
11011011 11100001 11011010
11011010 11100000 11011001
11011010 11100000 11011001
11011010 11100000 11011001
11011010 11100000 11011001
11011011 11100001 11011010
11011011 11100001 11011000
11011100 11100010 11011001
11011101 11100011 11011011
11011101 11100011 11011011
11011100 11100010 11011001
11011011 11100001 11011000
11011011 11100001 11011000
11011011 11100001 11011000
11011011 11100001 11011000
11011011 11100001 11011000
11011010 11100010 11011000
11011010 11100010 11011000
11011010 11100010 11011000
11011011 11100011 11011001
11011011 11100011 11011001
11011011 11100011 11011001
11011010 11100010 11011010
11011010 11100010 11011010
11011011 11100011 11011011
11011011 11100011 11011011
11011011 11100011 11011011
11011100 11100100 11011101
11011011 11100011 11011011
11011010 11100010 11011010
11011010 11100010 11011010
11011011 11100011 11011011
11011011 11100011 11011011
11011011 11100011 11011011
11011010 11100001 11011100
11011010 11100001 11011100
11011010 11100001 11011100
11011010 11100001 11011100
11011010 11100001 11011100
11011011 11100010 11011101
11011011 11100010 11011101
11011010 11100001 11011100
11011011 11100010 11011101
11011011 11100010 11011101
11011010 11100001 11011100
11011010 11100001 11011100
11011010 11100001 11011100
11011010 11100001 11011100
11011011 11100001 11011010
11011011 11100001 11011010
11011011 11100001 11011010
11011011 11100001 11011010
11011011 11100001 11011010
11011011 11100001 11011010
11011011 11100001 11011010
11011011 11100001 11011010
11011011 11100001 11011000
11011101 11100011 11011011
11011111 11100101 11011100
11011111 11100101 11011100
11011100 11100010 11011001
11011011 11100001 11011000
11011011 11100001 11011000
11011011 11100001 11011000
11011011 11100001 11011000
11011011 11100001 11011000
11011010 11100010 11011010
11011010 11100010 11011010
11011000 11100000 11011001
11011011 11100011 11011011
11011011 11100011 11011011
11011011 11100011 11011011
11011011 11100011 11011011
11011010 11100010 11011010
11011001 11100011 11011011
11011001 11100011 11011011
11011001 11100011 11011011
11011011 11100110 11011110
11011001 11100011 11011011
11011000 11100010 11011010
11011001 11100011 11011011
11011001 11100011 11011011
11011011 11100011 11011011
11011011 11100011 11011011
11011010 11100001 11011100
11011010 11100001 11011100
11011010 11100001 11011100
11011010 11100001 11011100
11011010 11100001 11011100
11011011 11100010 11011101
11011010 11100001 11011100
11011010 11100001 11011100
11011010 11100001 11011100
11011011 11100010 11011101
11011011 11100010 11011101
11011010 11100001 11011100
11011010 11011111 11011011
11011010 11011111 11011011
11011011 11100001 11011010
11011011 11100001 11011010
11011011 11100001 11011010
11011011 11100001 11011010
11011011 11100001 11011010
11011011 11100001 11011010
11011011 11100001 11011010
11011011 11100001 11011010
11011011 11100001 11011000
11011100 11100010 11011001
11011101 11100011 11011011
11011100 11100010 11011001
11011100 11100010 11011001
11011100 11100010 11011001
11011100 11100010 11011001
11011100 11100010 11011001
11011010 11100010 11011010
11011010 11100010 11011010
11011010 11100010 11011010
11011010 11100010 11011010
11011011 11100011 11011011
11011011 11100011 11011011
11011011 11100011 11011011
11011011 11100011 11011011
11011010 11100010 11011010
11011010 11100010 11011010
11011010 11100101 11011101
11011001 11100011 11011011
11011001 11100101 11011101
11011001 11100101 11011101
11010111 11100100 11011011
11010110 11100011 11011010
11011000 11100010 11011010
11011001 11100011 11011011
11011011 11100011 11011011
11011011 11100011 11011011
11011010 11100001 11011100
11011010 11100001 11011100
11011010 11100001 11011100
11011010 11100001 11011100
11011000 11100010 11011100
11011000 11100010 11011100
11011001 11100011 11011101
11011000 11100010 11011100
11011010 11100001 11011100
11011011 11100010 11011101
11011011 11100010 11011101
11011011 11100010 11011101
11011010 11100001 11011100
11011000 11100000 11011011
11011010 11100001 11011100
11011010 11100001 11011100
11011000 11100000 11011001
11011000 11100000 11011001
11011000 11100000 11011001
11011000 11100000 11011001
11011010 11100010 11011010
11011010 11100010 11011010
11011010 11100010 11011000
11011011 11100011 11011001
11011011 11100011 11011001
11011011 11100011 11011001
11011011 11100011 11011001
11011101 11100101 11011100
11011101 11100101 11011100
11011011 11100011 11011001
11011011 11100011 11011011
11011010 11100010 11011010
11011011 11100011 11011011
11011100 11100100 11011101
11011011 11100011 11011011
11011011 11100011 11011011
11011011 11100011 11011011
11011011 11100011 11011011
11011011 11100011 11011011
11011011 11100011 11011011
11011001 11100011 11011011
11011001 11100011 11011011
11010111 11100100 11011011
11010110 11100011 11011010
11010110 11100011 11011010
11010110 11100011 11011010
11011000 11100010 11011010
11011010 11100101 11011101
11011101 11100101 11011110
11011101 11100101 11011110
11011010 11100001 11011100
11011010 11100001 11011100
11011010 11100001 11011100
11011010 11100001 11011100
11011000 11100010 11011100
11011000 11100010 11011100
11011000 11100010 11011100
11011000 11100010 11011100
11011000 11100010 11011100
11011000 11100010 11011100
11011000 11100010 11011100
11011000 11100010 11011100
11011000 11100010 11011100
11011000 11100010 11011100
11011000 11100010 11011100
11011000 11100010 11011100
11011010 11100001 11011100
11011010 11100001 11011100
11011000 11100000 11011001
11011000 11100000 11011001
11011010 11100010 11011000
11011011 11100011 11011001
11011011 11100011 11011001
11011011 11100011 11011001
11011011 11100011 11011001
11011011 11100011 11011001
11011101 11100101 11011100
11011101 11100101 11011100
11011101 11100101 11011100
11011100 11100100 11011011
11011011 11100011 11011011
11011011 11100011 11011011
11011011 11100011 11011011
11011011 11100011 11011011
11011011 11100011 11011011
11011011 11100011 11011011
11011011 11100011 11011001
11011011 11100011 11011001
11011011 11100011 11011001
11011011 11100011 11011001
11011001 11100100 11011001
11011010 11100101 11011011
11011010 11100101 11011011
11011000 11100011 11011000
11011000 11100011 11011000
11011001 11100100 11011001
11011001 11100011 11011011
11011011 11100110 11011110
11011011 11100110 11011110
11011011 11100110 11011110
11011010 11100001 11011100
11011010 11100001 11011100
11011010 11100001 11011100
11011010 11100001 11011100
11011000 11100010 11011100
11010111 11100001 11011011
11011000 11100010 11011100
11011010 11100100 11011111
11011000 11100010 11011100
11010111 11100001 11011011
11010111 11100001 11011011
11011000 11100010 11011100
11011000 11100010 11011100
11011000 11100010 11011100
11011000 11100010 11011100
11011000 11100010 11011100
11011000 11100010 11011010
11011000 11100010 11011010
11011000 11100010 11011010
11010111 11100001 11011001
11011010 11100010 11011010
11011010 11100010 11011010
11011010 11100010 11011000
11011011 11100011 11011001
11011100 11100100 11011011
11011011 11100011 11011001
11011101 11100101 11011100
11011101 11100101 11011100
11011101 11100101 11011100
11011011 11100011 11011001
11011011 11100011 11011011
11011011 11100011 11011011
11011001 11100011 11011011
11011001 11100011 11011011
11011011 11100011 11011011
11011011 11100011 11011011
11011011 11100011 11011001
11011100 11100100 11011011
11011011 11100011 11011001
11011100 11100100 11011011
11011011 11100110 11011100
11011011 11100110 11011100
11011001 11100011 11011011
11011001 11100011 11011011
11011000 11100010 11011010
11011000 11100010 11011010
11011001 11100011 11011011
11011010 11100101 11011101
11011011 11100110 11011110
11011001 11100011 11011011
11011010 11100001 11011100
11011010 11100001 11011100
11011010 11100001 11011100
11011010 11100001 11011100
11011000 11100010 11011110
11011000 11100010 11011110
11011000 11100010 11011110
11011001 11100011 11011111
11011000 11100010 11011100
11011000 11100010 11011100
11011000 11100010 11011100
11011001 11100011 11011101
11011001 11100011 11011101
11011001 11100011 11011101
11011001 11100011 11011101
11011000 11100010 11011100
11011000 11100010 11011010
11011000 11100010 11011010
11011010 11100010 11011010
11011010 11100010 11011010
11011011 11100001 11011010
11011011 11100001 11011010
11011011 11100001 11011010
11011100 11100010 11011011
11011011 11100011 11011011
11011011 11100011 11011011
11011011 11100011 11011011
11011011 11100011 11011011
11011011 11100011 11011011
11011011 11100011 11011011
11011100 11100100 11011101
11011011 11100011 11011011
11011001 11100011 11011011
11011001 11100011 11011011
11011011 11100011 11011011
11011101 11100101 11011110
11011100 11100100 11011011
11011101 11100101 11011100
11011110 11100111 11011101
11011101 11100101 11011100
11011011 11100110 11011100
11011010 11100101 11011011
11011001 11100011 11011011
11011010 11100101 11011101
11011001 11100011 11011011
11011001 11100011 11011011
11011010 11100101 11011101
11011011 11100110 11011110
11011011 11100110 11011110
11011001 11100011 11011011
11011010 11100001 11011100
11011010 11100001 11011100
11011010 11100001 11011100
11011010 11100001 11011100
11011010 11100001 11011100
11011010 11100001 11011100
11011000 11100010 11011100
11011000 11100010 11011100
11011000 11100010 11011100
11011000 11100010 11011100
11011000 11100010 11011100
11011000 11100010 11011100
11011000 11100010 11011100
11011000 11100010 11011100
11011001 11100011 11011101
11011000 11100010 11011100
11011000 11100010 11011010
11011001 11100011 11011011
11011011 11100011 11011011
11011010 11100010 11011010
11011011 11100001 11011010
11011011 11100001 11011010
11011011 11100001 11011010
11011100 11100010 11011011
11011011 11100011 11011011
11011011 11100011 11011011
11011010 11100010 11011010
11011010 11100010 11011010
11011011 11100011 11011011
11011100 11100100 11011101
11011101 11100101 11011100
11011101 11100101 11011100
11011011 11100011 11011011
11011011 11100011 11011011
11011011 11100011 11011011
11011100 11100100 11011101
11011101 11100101 11011110
11011101 11100101 11011110
11011011 11100110 11011110
11011011 11100110 11011110
11011011 11100110 11011110
11011011 11100110 11011110
11011011 11100110 11011110
11011011 11100110 11011110
11011101 11100101 11011110
11011100 11100100 11011101
11011101 11100101 11011110
11011101 11100101 11011110
11011011 11100110 11011110
11011011 11100110 11011110
11011011 11100010 11011101
11011011 11100010 11011101
11011010 11100001 11011100
11011010 11100001 11011100
11011000 11100000 11011101
11011010 11100001 11011110
11011000 11100010 11011110
11010111 11100000 11011101
11010111 11100000 11011101
11010111 11100000 11011101
11010110 11011111 11011100
11010110 11011111 11011100
11010101 11100010 11011011
11010110 11100011 11011100
11010110 11100011 11011010
11010111 11100100 11011011
11010111 11100100 11011011
11010111 11100100 11011011
11011001 11100011 11011011
11011001 11100011 11011011
11011011 11100011 11011011
11011011 11100011 11011011
11011011 11100011 11011011
11011011 11100011 11011011
11011010 11100010 11011010
11011010 11100010 11011010
11011010 11100001 11011100
11011011 11100010 11011101
11011011 11100010 11011101
11011011 11100010 11011101
11011100 11100011 11011111
11011100 11100011 11011111
11011011 11100010 11011101
11011011 11100010 11011101
11011011 11100010 11011101
11011100 11100011 11011111
11011101 11100101 11100000
11011100 11100011 11011111
11011010 11100100 11011111
11011010 11100100 11011111
11011011 11100101 11100000
11011101 11100111 11100001
11011110 11100110 11100001
11011101 11100101 11100000
11011101 11100101 11100000
11011101 11100101 11100000
11011101 11100101 11011110
11011110 11100110 11011111
11011011 11100110 11011110
11011011 11100110 11011110
11011011 11100010 11011101
11011011 11100010 11011101
11011011 11100010 11011101
11011010 11100001 11011100
11011000 11100000 11011101
11011010 11100001 11011110
11011010 11100001 11011110
11011000 11100000 11011101
11010100 11100000 11011100
11010011 11011111 11011011
11010010 11011101 11011100
11010010 11011101 11011100
11010100 11100000 11011100
11010101 11100001 11011101
11010110 11100011 11011100
11010110 11100011 11011100
11010111 11100100 11011011
11010111 11100100 11011011
11011001 11100011 11011011
11011001 11100011 11011011
11011011 11100011 11011011
11011011 11100011 11011011
11011011 11100011 11011011
11011010 11100010 11011010
11011010 11100010 11011010
11011010 11100010 11011010
11011011 11100010 11011101
11011101 11100101 11100000
11011101 11100101 11100000
11011100 11100011 11011111
11011011 11100010 11011101
11011000 11100000 11011011
11011000 11100000 11011011
11011011 11100010 11011101
11011011 11100010 11011101
11011011 11100010 11011101
11011101 11100101 11100000
11011100 11100011 11011111
11011011 11100010 11011101
11011100 11100011 11011111
11011011 11100101 11100000
11011011 11100101 11100000
11011101 11100101 11100000
11011100 11100011 11011111
11011111 11100100 11100000
11011111 11100100 11100000
11011101 11100101 11100000
11011101 11100101 11100000
11011011 11100101 11100000
11011011 11100101 11100000
11011011 11100010 11011101
11011011 11100010 11011101
11011011 11100000 11011100
11011011 11100000 11011100
11011011 11100000 11011100
11011011 11100000 11011100
11011000 11100000 11011101
11011000 11100000 11011101
11010001 11011111 11011101
11001000 11010110 11010100
11000111 11010101 11010010
11001011 11011001 11010111
11010010 11100001 11011100
11010010 11100001 11011100
11010100 11100000 11011010
11010101 11100010 11011011
11011000 11100010 11011010
11011001 11100011 11011011
11011001 11100011 11011011
11011001 11100011 11011011
11011000 11100010 11011010
11011001 11100011 11011011
11011001 11100011 11011011
11011000 11100010 11011010
11011000 11100010 11011100
11011000 11100010 11011100
11011000 11100010 11011100
11011010 11100100 11011111
11011010 11100100 11011111
11011001 11100011 11011101
11011011 11100010 11011101
11011010 11100001 11011100
11011010 11100001 11011100
11011011 11100010 11011101
11011100 11100001 11011101
11011111 11100100 11100000
11011101 11100101 11100000
11011101 11100101 11100000
11011100 11100011 11011111
11011101 11100101 11100000
11011101 11100101 11100000
11011101 11100101 11100000
11011101 11100011 11011111
11011100 11100001 11011101
11011101 11100011 11011111
11011111 11100100 11100000
11011111 11100100 11100000
11011101 11100011 11011111
11011011 11100010 11011101
11011100 11100011 11011111
11011011 11100011 11011011
11011010 11100010 11011010
11011010 11100000 11011001
11011011 11100001 11011010
11011011 11100001 11011010
11011011 11100001 11011010
11011011 11100000 11011100
11011001 11011110 11011010
11001001 11011001 11011000
10110000 11000000 10111111
10101001 10111001 10111010
10101111 10111111 11000000
11000011 11001011 11000100
11011011 11100011 11011011
11010101 11011110 11010010
11010111 11100000 11010100
11010101 11100010 11010111
11010110 11100100 11011000
11010110 11100100 11011000
11010111 11100101 11011001
11011001 11100011 11011011
11011001 11100011 11011011
11011001 11100011 11011011
11011001 11100011 11011011
11011001 11100011 11011101
11011000 11100010 11011100
11011000 11100010 11011100
11011000 11100010 11011100
11011000 11100010 11011100
11011001 11100011 11011101
11011001 11100011 11011101
11011010 11100100 11011111
11011101 11100101 11100000
11011011 11100010 11011101
11011100 11100001 11011101
11011111 11100100 11100000
11011111 11100100 11100000
11011111 11100100 11100000
11011101 11100101 11100000
11011101 11100101 11100000
11011101 11100101 11100000
11011100 11100011 11011111
11011010 11100001 11011100
11011011 11100010 11011101
11011011 11100010 11011101
11011100 11100011 11011111
11011101 11100101 11100000
11011101 11100101 11100000
11011011 11100010 11011101
11011011 11100010 11011101
11011010 11100010 11011010
11011010 11100010 11011010
11011011 11100001 11011010
11011011 11100001 11011010
11011101 11100000 11011010
11011101 11100000 11011010
11011011 11100000 11011100
11011001 11011110 11011010
11000111 11011001 11011010
10110000 11000010 11000011
10010011 10100011 10100100
10000110 10010110 10010111
10010111 10011001 10001111
10110110 10110111 10101101
11010101 11011001 11001010
11011000 11011101 11001110
11010111 11100010 11010111
11011000 11100011 11011000
11011000 11100010 11011010
11011001 11100011 11011011
11011001 11100011 11011011
11011001 11100011 11011011
11011001 11100011 11011011
11011000 11100010 11011010
11011000 11100010 11011010
11011000 11100010 11011010
11011010 11100101 11011101
11011000 11100010 11011010
11011001 11100011 11011011
11011001 11100011 11011011
11011011 11100110 11011110
11011011 11100110 11011110
11011101 11100101 11011110
11011011 11100011 11011011
11011100 11100001 11011101
11011101 11100011 11011111
11011111 11100100 11100000
11011111 11100100 11100000
11011101 11100101 11100000
11011101 11100101 11100000
11011101 11100101 11100000
11011100 11100011 11011111
11011100 11100011 11011111
11011100 11100011 11011111
11011011 11100010 11011101
11011011 11100010 11011101
11011100 11100011 11011111
11011101 11100101 11100000
11011101 11100101 11100000
11011101 11100101 11100000
11011010 11100010 11011010
11011010 11100010 11011010
11011011 11100011 11011011
11011010 11100010 11011010
11011011 11100001 11011010
11011011 11100001 11011010
11011010 11011111 11011011
11011001 11011110 11011010
11001010 11011000 11011010
10110010 10111111 11000001
10010111 10011110 10100000
10000000 10000110 10001001
10010001 10001001 1110111
10110000 10100111 10010101
11001110 11001010 10111001
11011100 11011000 11000111
11011000 11100001 11010111
11011000 11100001 11010111
11011000 11100010 11011010
11011001 11100011 11011011
11011001 11100011 11011011
11011000 11100010 11011010
11011000 11100010 11011010
11011001 11100011 11011011
11011001 11100011 11011011
11011010 11100101 11011101
11011011 11100110 11011110
11011001 11100011 11011011
11011001 11100011 11011011
11011001 11100011 11011011
11011011 11100110 11011110
11011011 11100110 11011110
11011101 11100101 11011110
11011011 11100011 11011011
11011011 11100011 11011011
11011101 11100101 11011110
11011101 11100101 11011110
11011110 11100110 11011111
11011101 11100101 11011110
11011100 11100100 11011101
11011011 11100010 11011101
11011011 11100010 11011101
11011101 11100101 11100000
11011101 11100101 11100000
11011101 11100101 11100000
11011100 11100011 11011111
11011101 11100101 11100000
11011101 11100101 11100000
11011100 11100011 11011111
11011101 11100101 11100000
11011010 11100001 11011100
11011010 11100001 11011100
11011010 11100010 11011010
11011010 11100010 11011010
11011011 11100001 11011010
11011011 11100001 11011010
11011010 11100000 11011001
11011010 11100000 11011001
11010010 11011011 11011010
11000100 11001101 11001101
10101011 10101101 10101110
10001111 10010001 10010010
10011101 10001111 1111111
10110000 10100011 10010011
11001011 11000011 10101111
11011111 11010111 11000011
11010111 11100000 11010100
11011000 11100001 11010101
11011000 11100011 11011000
11011000 11100011 11011000
11011001 11100011 11011011
11011001 11100011 11011011
11011010 11100101 11011101
11011010 11100101 11011101
11011011 11100110 11011110
11011011 11100110 11011110
11011010 11100101 11011101
11011001 11100011 11011011
11011001 11100011 11011011
11011010 11100101 11011101
11011010 11100101 11011101
11011011 11100110 11011110
11011101 11100101 11011110
11011101 11100101 11011110
11011100 11100100 11011101
11011100 11100100 11011101
11011100 11100100 11011101
11011101 11100101 11011110
11011101 11100101 11011110
11011011 11100011 11011011
11011011 11100010 11011101
11011011 11100010 11011101
11011100 11100001 11011101
11011111 11100100 11100000
11011101 11100101 11100000
11011101 11100101 11100000
11011101 11100101 11100000
11011100 11100011 11011111
11011011 11100010 11011101
11011100 11100011 11011111
11011010 11100001 11011100
11011011 11100010 11011101
11011011 11100010 11011101
11011011 11100010 11011101
11011011 11100001 11011010
11011011 11100001 11011010
11011011 11100001 11011010
11011011 11100001 11011010
11010111 11011110 11011100
11011100 11100011 11100001
11010101 11010011 11010010
10110111 10110101 10110100
11000101 10111010 10101001
11000001 10110110 10100110
11001011 11000101 10110011
11100000 11011010 11000111
11010111 11100000 11010100
11011010 11100010 11010110
11011000 11100010 11011010
11011001 11100011 11011011
11011001 11100011 11011011
11011010 11100101 11011101
11011011 11100110 11011110
11011011 11100110 11011110
11011011 11100110 11011110
11011011 11100110 11011110
11011001 11100011 11011011
11011000 11100010 11011010
11011101 11100101 11011110
11011101 11100101 11011110
11011101 11100101 11011110
11011101 11100101 11011110
11011101 11100101 11011110
11011101 11100101 11011110
11011110 11100110 11011111
11011101 11100101 11011110
11011011 11100011 11011011
11011100 11100100 11011101
11011011 11100010 11011101
11011011 11100010 11011101
11011011 11100010 11011111
11011011 11100010 11011111
11011111 11100011 11100010
11011111 11100011 11100010
11011101 11100101 11100000
11011101 11100101 11100000
11011101 11100101 11100000
11011100 11100011 11011111
11011101 11100101 11100000
11011101 11100101 11100000
11011001 11100011 11011101
11011001 11100011 11011101
11011011 11100010 11011101
11011011 11100010 11011101
11011100 11100001 11011101
11011100 11100001 11011101
11011100 11100001 11011101
11011100 11100001 11011101
11011010 11011111 11011011
11011000 11011101 11011001
11011000 11011101 11011001
11001111 11010101 11010001
11010110 11010001 11000101
11010111 11010010 11000111
11100000 11011010 11010001
11100001 11011011 11010010
11011100 11011111 11010111
11011101 11100000 11011000
11011011 11100011 11011011
11011011 11100011 11011011
11011001 11100011 11011011
11011010 11100101 11011101
11011011 11100110 11011110
11011011 11100110 11011110
11011011 11100110 11011110
11011011 11100110 11011110
11011101 11100101 11011110
11011100 11100100 11011101
11011101 11100101 11011110
11011101 11100101 11011110
11011101 11100101 11011110
11011101 11100101 11011110
11011101 11100101 11100000
11011101 11100101 11100000
11011110 11100110 11100001
11011110 11100110 11100001
11011101 11100101 11100000
11011101 11100101 11100000
11011100 11100011 11011111
11011011 11100010 11011101
11011011 11100010 11011111
11011100 11100011 11100001
11011101 11100101 11100000
11011100 11100011 11011111
11011011 11100010 11011101
11011101 11100101 11100000
11011101 11100101 11100000
11011101 11100101 11100000
11011101 11100101 11100000
11011101 11100101 11100000
11011011 11100101 11100000
11011011 11100101 11100000
11011101 11100101 11100000
11011011 11100010 11011101
11011011 11100010 11011101
11011011 11100010 11011101
11011011 11100010 11011101
11011100 11100011 11011111
11011010 11100001 11011100
11010111 11011111 11011010
11011001 11011110 11011010
11010110 11011100 11011000
11011000 11011010 11010010
11011000 11011010 11010010
11011110 11011100 11010110
11100000 11011111 11011000
11011101 11100000 11011000
11011110 11100001 11011001
11011111 11100101 11011100
11011100 11100010 11011001
11011011 11100011 11011011
11011011 11100011 11011011
11011011 11100110 11011110
11011011 11100110 11011110
11011011 11100110 11011110
11011001 11100011 11011011
11011011 11100011 11011011
11011101 11100101 11011110
11011101 11100101 11011110
11011101 11100101 11011110
11011101 11100101 11011110
11011101 11100101 11011110
11011101 11100101 11100000
11011110 11100110 11100001
11011110 11100110 11100001
11011110 11100110 11100001
11011011 11100101 11100000
11011011 11100101 11100000
11011011 11100101 11100000
11011010 11100100 11011111
11011001 11100011 11011101
11011001 11100011 11011101
11011101 11100101 11100000
11011100 11100011 11011111
11011011 11100010 11011101
11011100 11100011 11011111
11011101 11100101 11100000
11011101 11100101 11100000
11011101 11100101 11100000
11011101 11100101 11100000
11011001 11100011 11011101
11011011 11100101 11100000
11011101 11100101 11011110
11011011 11100011 11011011
11011100 11100100 11011101
11011011 11100011 11011011
11011100 11100010 11011011
11011100 11100010 11011011
11011011 11100001 11011010
11011011 11100001 11011010
11011010 11100000 11011001
11011001 11011110 11011000
11011000 11011100 11010100
11011001 11011101 11010101
11011110 11011111 11011000
11011110 11011111 11011000
11011101 11100000 11011000
11011111 11100011 11011011
11011101 11100011 11011101
11011111 11100100 11011110
11011011 11100011 11011011
11011011 11100011 11011011
11011100 11100100 11011101
11011101 11100101 11011110
11011101 11100101 11011110
11011011 11100011 11011011
11011011 11100011 11011011
11011100 11100100 11011101
11011100 11100100 11011101
11011101 11100101 11011110
11011101 11100101 11011110
11011101 11100101 11011110
11011110 11100110 11100001
11011110 11100110 11100001
11011110 11100110 11100001
11011101 11100101 11100000
11011011 11100101 11100000
11011001 11100011 11011101
11010111 11100100 11011101
11011001 11100101 11011111
11011010 11100110 11100000
11011010 11100110 11100000
11011101 11100111 11100001
11011011 11100101 11100000
11011101 11100101 11100000
11011101 11100101 11100000
11011011 11100010 11011101
11011101 11100101 11100000
11011011 11100101 11100000
11011011 11100101 11100000
11011000 11100010 11011010
11011010 11100101 11011101
11011101 11100101 11011110
11011011 11100011 11011011
11011100 11100100 11011101
11011011 11100011 11011011
11011100 11100010 11011011
11011011 11100001 11011010
11011011 11100001 11011010
11011011 11100001 11011010
11011011 11100001 11011010
11011011 11100001 11011010
11011011 11100001 11011010
11011011 11100001 11011010
11011110 11100001 11011011
11011110 11100001 11011011
11011110 11100001 11011011
11011110 11100001 11011011
11011100 11100010 11011011
11011100 11100010 11011011
11011011 11100011 11011011
11011011 11100011 11011011
11011101 11100101 11011110
11011101 11100101 11011110
11011101 11100101 11011100
11011011 11100011 11011001
11011011 11100011 11011001
11011011 11100011 11011001
11011011 11100011 11011011
11011101 11100101 11011110
11011101 11100101 11011110
11011101 11100101 11011110
11011101 11100101 11011110
11011100 11100100 11011101
11011100 11100100 11011101
11011101 11100101 11011110
11011011 11100110 11011110
11011011 11100110 11011110
11010111 11100100 11011101
11011010 11100110 11100000
11011010 11100110 11100000
11011010 11100110 11100000
11011011 11100101 11100000
11011010 11100100 11011111
11011011 11100101 11100000
11011011 11100101 11100000
11011011 11100101 11100000
11011011 11100101 11100000
11011011 11100101 11100000
11011001 11100011 11011101
11011010 11100010 11011010
11011100 11100100 11011101
11011100 11100100 11011101
11011011 11100011 11011011
11011011 11100011 11011011
11011011 11100011 11011011
11011100 11100010 11011011
11011100 11100010 11011011
11011011 11100001 11011010
11011011 11100001 11011010
11011011 11100001 11011010
11011100 11100010 11011011
11011100 11100010 11011011
11011100 11100010 11011011
11011100 11100010 11011011
11011100 11100010 11011011
11011100 11100010 11011011
11011100 11100010 11011011
11011100 11100010 11011011
11011100 11100010 11011011
11011011 11100011 11011011
11011100 11100100 11011101
11011110 11100110 11011111
11011110 11100110 11011111
11011100 11100100 11011101
11011100 11100100 11011101
11011011 11100011 11011011
11011100 11100100 11011101
11011100 11100100 11011101
11011101 11100101 11011110
11011101 11100101 11011110
11011100 11100100 11011101
11011101 11100101 11011110
11011101 11100101 11011110
11011110 11100110 11100001
11011111 11100111 11100010
11011101 11100111 11100001
11011011 11100101 11100000
11010111 11100100 11011101
11011010 11100110 11100000
11011001 11100101 11011111
11010111 11100100 11011101
11010111 11100100 11011101
11010111 11100100 11011101
11011001 11100011 11011101
11011010 11100100 11011111
11011101 11100111 11100001
11011101 11100111 11100001
11011011 11100101 11100000
11011010 11100100 11011111
11011011 11100011 11011011
11011011 11100011 11011011
11011011 11100011 11011011
11011101 11100101 11011110
11011101 11100101 11011110
11011101 11100101 11011110
11011111 11100101 11011100
11011111 11100101 11011100
11011100 11100010 11011001
11011011 11100001 11011000
11011011 11100001 11011000
11011100 11100010 11011001
11011100 11100010 11011011
11011101 11100011 11011101
11011011 11100011 11011011
11011011 11100011 11011011
11011101 11100101 11011110
11011100 11100100 11011101
11011101 11100101 11011110
11011011 11100011 11011011
11011010 11100010 11011010
11011010 11100010 11011010
11011101 11100101 11011110
11011101 11100101 11011110
11011011 11100011 11011011
11011011 11100011 11011011
11011011 11100011 11011011
11011101 11100101 11011110
11011101 11100101 11011110
11011100 11100100 11011101
11011011 11100011 11011011
11011100 11100100 11011101
11011110 11100110 11011111
11011110 11100110 11011111
11011101 11100111 11011111
11011101 11100111 11011111
11011101 11100111 11011111
11011010 11100101 11011101
11011001 11100011 11011011
11011010 11100101 11011101
11011011 11100110 11011110
11011010 11100101 11011101
11011001 11100011 11011011
11011011 11100110 11011110
11011001 11100011 11011011
11011010 11100101 11011101
11011011 11100110 11011110
11011101 11100111 11011111
11011011 11100110 11011110
11011011 11100110 11011110
11011010 11100010 11011010
11011010 11100010 11011010
11011011 11100011 11011011
11011011 11100011 11011011
11011101 11100101 11011110
11011101 11100101 11011110
11011101 11100101 11011110
11011101 11100101 11011110
11011100 11100010 11011011
11011100 11100010 11011011
11011100 11100010 11011011
11011100 11100010 11011011
11011100 11100001 11011101
11011100 11100001 11011101
11011011 11100010 11011101
11011011 11100010 11011101
11011011 11100010 11011101
11011110 11100110 11100001
11011101 11100101 11100000
11011011 11100010 11011101
11011010 11100001 11011100
11011010 11100001 11011100
11011011 11100010 11011101
11011011 11100010 11011101
11011011 11100010 11011101
11011101 11100101 11100000
11011100 11100100 11011101
11011101 11100101 11011110
11011101 11100101 11011110
11011100 11100100 11011101
11011011 11100011 11011011
11011100 11100100 11011101
11011101 11100101 11011110
11011110 11100110 11011111
11011101 11100111 11011111
11011101 11100111 11011111
11011101 11100111 11011111
11011011 11100110 11011110
11011001 11100011 11011011
11011001 11100011 11011011
11011011 11100110 11011110
11011011 11100110 11011110
11011101 11100111 11100001
11011101 11100111 11100001
11011011 11100110 11011110
11011010 11100101 11011101
11011001 11100011 11011011
11011101 11100111 11011111
11011110 11100110 11011111
11011110 11100110 11011111
11011010 11100010 11011010
11011010 11100010 11011010
11011010 11100010 11011010
11011011 11100011 11011011
11011101 11100101 11011110
11011101 11100101 11011110
11011101 11100101 11011110
11011110 11100110 11011111
11011101 11100101 11011110
11011100 11100100 11011101
11011100 11100010 11011011
11011100 11100010 11011011
11011100 11100001 11011101
11011100 11100001 11011101
11011011 11100010 11011101
11011011 11100010 11011101
11011001 11100011 11011011
11011011 11100110 11011110
11011011 11100110 11011110
11011010 11100101 11011101
11011001 11100011 11011011
11011001 11100011 11011011
11011001 11100011 11011101
11011001 11100011 11011101
11011001 11100011 11011101
11011010 11100100 11011111
11011011 11100110 11011110
11011101 11100111 11011111
11011101 11100111 11011111
11011010 11100101 11011101
11011011 11100011 11011011
11011100 11100100 11011101
11011101 11100101 11011110
11011110 11100110 11011111
11011111 11100111 11100000
11011110 11100110 11011111
11011101 11100111 11011111
11011011 11100110 11011110
11011011 11100110 11011110
11011001 11100011 11011011
11011011 11100110 11011110
11011011 11100110 11011110
11011101 11100111 11011111
11011101 11100111 11011111
11011101 11100111 11011111
11011001 11100011 11011011
11011011 11100011 11011011
11011110 11100110 11011111
11100000 11100101 11011111
11011111 11100100 11011110
11011011 11100011 11011011
11011101 11100101 11011110
11011100 11100100 11011101
11011100 11100100 11011101
11011101 11100101 11011110
11011101 11100101 11011110
11011101 11100101 11100000
11011110 11100110 11100001
11011101 11100101 11100000
11011100 11100011 11011111
11011011 11100010 11011101
11011011 11100010 11011101
11011101 11100101 11100000
11011101 11100101 11100000
11011011 11100010 11011101
11011011 11100010 11011101
11011011 11100011 11011011
11011011 11100011 11011011
11011101 11100101 11011110
11011101 11100101 11011110
11011001 11100011 11011101
11011001 11100011 11011101
11011011 11100101 11100000
11011101 11100111 11100001
11011011 11100101 11100000
11011011 11100101 11100000
11011101 11100111 11011111
11011101 11100111 11011111
11011101 11100111 11011111
11011011 11100110 11011110
11011100 11100100 11011101
11011101 11100101 11011110
11011101 11100101 11011110
11011110 11100110 11011111
11011110 11100110 11011111
11011101 11100101 11011110
11011101 11100101 11011110
11011101 11100101 11011110
11011101 11100101 11011110
11011101 11100101 11011110
11011011 11100011 11011011
11011011 11100011 11011011
11011100 11100100 11011101
11011110 11100110 11011111
11011101 11100101 11011110
11011100 11100100 11011101
11011100 11100100 11011101
11011101 11100101 11011110
11011111 11100100 11011110
11011111 11100100 11011110
11011101 11100101 11011110
11011101 11100101 11011110
11011101 11100101 11011110
11011101 11100101 11011110
11011100 11100011 11011111
11011101 11100101 11100000
11011101 11100101 11100000
11011110 11100110 11100001
11011101 11100101 11100000
11011101 11100101 11100000
11011011 11100010 11011101
11011011 11100010 11011101
11011101 11100101 11100000
11011101 11100101 11100000
11011101 11100101 11100000
11011101 11100101 11100000
11011101 11100101 11011110
11011011 11100011 11011011
11011011 11100011 11011011
11011011 11100011 11011011
11011011 11100011 11011011
11011011 11100011 11011011
11011101 11100101 11011110
11011101 11100101 11011110
11011011 11100110 11011110
11011011 11100110 11011110
11011011 11100110 11011110
11011101 11100111 11011111
11011101 11100111 11011111
11011011 11100110 11011110
11011101 11100101 11011110
11011101 11100101 11011110
11011101 11100101 11011110
11011110 11100110 11011111
11011101 11100101 11011110
11011101 11100101 11011110
11011011 11100011 11011011
11011100 11100100 11011101
11011101 11100101 11011110
11011101 11100101 11011110
11011101 11100101 11011110
11011011 11100011 11011011
11011011 11100011 11011011
11011011 11100011 11011011
11011101 11100101 11011110
11011101 11100101 11011110
11011101 11100101 11011110
11011101 11100101 11011110
11100000 11100101 11011111
11011111 11100100 11011110
11011101 11100101 11011110
11011101 11100101 11011110
11011100 11100100 11011101
11011101 11100101 11011110
11011011 11100010 11011101
11011100 11100011 11011111
11011011 11100010 11011101
11011110 11100110 11100001
11011110 11100110 11100001
11011101 11100101 11100000
11011100 11100100 11011101
11011100 11100100 11011101
11011111 11100100 11011110
11011111 11100100 11011110
11011111 11100100 11011110
11011111 11100100 11011110
11011111 11100100 11011110
11011101 11100011 11011101
11011100 11100010 11011011
11011100 11100010 11011011
11011100 11100010 11011011
11011111 11100100 11011110
11011111 11100100 11011110
11011111 11100100 11011110
11011111 11100100 11011110
11011111 11100100 11011110
11011101 11100101 11011110
11011101 11100101 11011110
11011101 11100101 11011110
11011101 11100101 11011110
11011101 11100101 11011110
11011101 11100101 11011110
11011101 11100101 11011110
11011101 11100101 11011110
11011101 11100101 11011110
11011101 11100101 11011110
11011111 11100100 11011110
11011111 11100100 11011110
11011111 11100100 11011110
11011101 11100011 11011101
11011101 11100011 11011101
11011100 11100010 11011011
11011011 11100011 11011011
11011011 11100011 11011011
11011101 11100101 11011110
11011101 11100101 11011110
11011101 11100101 11011110
11011101 11100101 11011110
11011101 11100101 11011110
11011101 11100101 11011110
11011011 11100110 11011110
11011011 11100110 11011110
11011011 11100110 11011110
11011010 11100101 11011101
11011011 11100010 11011101
11011011 11100010 11011101
11011011 11100010 11011101
11011101 11100101 11100000
11011101 11100101 11011110
11011101 11100101 11011110
11011101 11100101 11011110
11011101 11100101 11011110
11011111 11100100 11011110
11100000 11100101 11011111
11100000 11100011 11011110
11100000 11100011 11011110
11100000 11100100 11011100
11011110 11100001 11011001
11011100 11100010 11011001
11011101 11100011 11011011
11011111 11100100 11011110
11011111 11100100 11011110
11011111 11100100 11011110
11011111 11100100 11011110
11011111 11100100 11011110
11011111 11100100 11011110
11011111 11100100 11011110
11011111 11100100 11011110
11011111 11100100 11011110
11011111 11100100 11011110
11011111 11100100 11011110
11100000 11100101 11011111
11100000 11100101 11011111
11011111 11100100 11011110
11011111 11100100 11011110
11100000 11100101 11011111
11100000 11100101 11011111
11011111 11100100 11011110
11011111 11100100 11011110
11011111 11100100 11011110
11011111 11100100 11011110
11011101 11100011 11011101
11011011 11100011 11011011
11011011 11100011 11011011
11011101 11100101 11011110
11011101 11100101 11011110
11011101 11100101 11011110
11011101 11100101 11011110
11011101 11100101 11011110
11011101 11100101 11011110
11011000 11100010 11011010
11011010 11100101 11011101
11011010 11100101 11011101
11011001 11100011 11011011
11011001 11100011 11011101
11011001 11100011 11011101
11011010 11100100 11011111
11011011 11100101 11100000
11011011 11100110 11011110
11011011 11100110 11011110
11011101 11100101 11011110
11011101 11100101 11011110
11100000 11100101 11011111
11100000 11100101 11011111
11100000 11100101 11011111
11011111 11100100 11011110
11100000 11100011 11011110
11100000 11100011 11011110
11011111 11100100 11011110
11011111 11100100 11011110
11011111 11100100 11011110
11011111 11100100 11011110
11011111 11100100 11011110
11011111 11100100 11011110
11100000 11100011 11011110
11100000 11100011 11011110
11011111 11100100 11011110
11011111 11100100 11011110
11011111 11100100 11011110
11011111 11100100 11011110
11100000 11100101 11011111
11100000 11100101 11011111
11100000 11100101 11011111
11011111 11100100 11011110
11011111 11100100 11011110
11011111 11100100 11011110
11011111 11100100 11100000
11011111 11100100 11100000
11011111 11100100 11100000
11011111 11100100 11100000
11011101 11100101 11100000
11011011 11100010 11011101
11011100 11100011 11011111
11011101 11100101 11100000
11011110 11100110 11100001
11011101 11100101 11100000
11011101 11100101 11100000
11011101 11100101 11100000
11011101 11100101 11100000
11011110 11100110 11100001
11011000 11100010 11011010
11011001 11100011 11011011
11011001 11100011 11011101
11011001 11100011 11011101
11011001 11100011 11011101
11011011 11100101 11100000
11011011 11100101 11100000
11011001 11100011 11011101
11011001 11100011 11011011
11011011 11100110 11011110
11011101 11100101 11011110
11011110 11100110 11011111
11100001 11100111 11011110
11100000 11100110 11011101
11100000 11100110 11011101
11011111 11100101 11011100
11011111 11100101 11011100
11011111 11100101 11011100
11011111 11100101 11011100
11100000 11100110 11011101
11100001 11100111 11100000
11100000 11100101 11011111
11011111 11100100 11011110
11011111 11100100 11011110
11011111 11100100 11011110
11011111 11100100 11011110
11011111 11100100 11011110
11011111 11100100 11011110
11100000 11100101 11011111
11011111 11100100 11011110
11011111 11100100 11011110
11011111 11100100 11011110
11011111 11100100 11100000
11011111 11100100 11100000
11011111 11100100 11100000
11011101 11100011 11011111
11011111 11100100 11100000
11011111 11100100 11100000
11011111 11100100 11100000
11011111 11100100 11100000
11011011 11100010 11011101
11011100 11100011 11011111
11011101 11100101 11100000
11011101 11100101 11100000
11011110 11100110 11100001
11011110 11100110 11100001
11011101 11100101 11100000
11011101 11100101 11100000
11011011 11100101 11100000
11011011 11100101 11100000
11011001 11100011 11011101
11011001 11100011 11011101
11011000 11100010 11011100
11011000 11100010 11011100
11011001 11100011 11011111
11011011 11100101 11100010
11011011 11100101 11100000
11011011 11100101 11100000
11011011 11100110 11011110
11011011 11100110 11011110
11011101 11100101 11011110
11011110 11100110 11011111
11100001 11100111 11011110
11100001 11100111 11011110
11100000 11100110 11011101
11011111 11100101 11011100
11011111 11100101 11011100
11011111 11100101 11011100
11011111 11100100 11011110
11011111 11100100 11011110
11100000 11100101 11011111
11100000 11100101 11011111
11100000 11100101 11011111
11100000 11100101 11011111
11100000 11100101 11011111
11100000 11100101 11011111
11100000 11100101 11011111
11100000 11100101 11011111
11100000 11100101 11011111
11100000 11100101 11011111
11100000 11100101 11011111
11011111 11100100 11011110
11011111 11100100 11011110
11011111 11100100 11011110
11011110 11100110 11100001
11011101 11100101 11100000
11011101 11100101 11100000
11011101 11100101 11100000
11011101 11100100 11100010
11011101 11100100 11100010
11011101 11100100 11100010
11011101 11100100 11100010
11011101 11100100 11100010
11011101 11100100 11100010
11011101 11100101 11100000
11011110 11100110 11100001
11011110 11100110 11100001
11011101 11100101 11100000
11011011 11100101 11100000
11011011 11100101 11100000
11011011 11100010 11011101
11011010 11100001 11011100
11011010 11100001 11011110
11011011 11100010 11011111
11011001 11100011 11011111
11011101 11100110 11100011
11011101 11100111 11100001
11011011 11100101 11100000
11011101 11100101 11011110
11011101 11100101 11011110
11011110 11100110 11011111
11011111 11100111 11100000
11011111 11101000 11011110
11011111 11101000 11011110
11011101 11100101 11011100
11011110 11100111 11011101
11011110 11100110 11011111
11011101 11100101 11011110
11011101 11100101 11011110
11011101 11100101 11011110
11100000 11100101 11011111
11100000 11100101 11011111
11100001 11100111 11100000
11100000 11100101 11011111
11100000 11100101 11011111
11100000 11100101 11011111
11011110 11100110 11011111
11011110 11100110 11011111
11011110 11100110 11011111
11011110 11100110 11011111
11011111 11100111 11100000
11011101 11100101 11011110
11011101 11100101 11011110
11011110 11100110 11011111
11011110 11100110 11011111
11011110 11100110 11011111
11011101 11100101 11100000
11011101 11100101 11100000
11011101 11100100 11100010
11011101 11100100 11100010
11011110 11100101 11100011
11011101 11100100 11100010
11011101 11100100 11100010
11011101 11100100 11100010
11011101 11100101 11100000
11011110 11100110 11100001
11011101 11100111 11100001
11011011 11100101 11100000
11011011 11100101 11100000
11011010 11100100 11011111
11011011 11100010 11011101
11011011 11100010 11011101
11011011 11100010 11011101
11011100 11100011 11011111
11011011 11100101 11100010
11011011 11100101 11100010
11011011 11100101 11100000
11011101 11100111 11100001
11011101 11100101 11011110
11011101 11100101 11011110
11011110 11100110 11011111
11011111 11100111 11100000
11011111 11101000 11011110
11011111 11101000 11011110
11011110 11100111 11011101
11011110 11100111 11011101
11011110 11100110 11011111
11011101 11100101 11011110
11011111 11100100 11011110
11100000 11100101 11011111
11100000 11100101 11011111
11100000 11100101 11011111
11100000 11100101 11011111
11100000 11100101 11011111
11011110 11100110 11011111
11011110 11100110 11011111
11011110 11100110 11011111
11011110 11100110 11011111
11011110 11100110 11011111
11011110 11100110 11011111
11011110 11100110 11011111
11011101 11100101 11011110
11011101 11100111 11100001
11011101 11100111 11100001
11011101 11100111 11100001
11011101 11100111 11100001
11011101 11100111 11100001
11011011 11100101 11100000
11011011 11100101 11100010
11011011 11100101 11100010
11011101 11100110 11100011
11011101 11100110 11100011
11011011 11100101 11100010
11011011 11100101 11100010
11011011 11100101 11100000
11011101 11100111 11100001
11011101 11100111 11100001
11011011 11100101 11100000
11011011 11100101 11100000
11011011 11100101 11100000
